spot5,414,,2007-03-26,00:00:00,-43.100000000000001,147.49000000000001,,,,,
spot5,414,0,2007-03-26,01:54:48,-43.119,147.493,60,-43.119,147.493,-31.529,88.532
spot5,414,2,2007-03-26,19:58:02,-43.025,147.603,60,-43.025,147.603,-37.734,120.852
spot5,414,2,2007-03-26,19:58:02,-43.025,147.603,60,-43.025,147.603,-37.734,120.852
spot5,414,2,2007-03-26,22:13:09,-43.044,147.609,68,-43.044,147.609,-51.892,-165.920
spot5,414,2,2007-03-26,22:13:09,-43.044,147.609,68,-43.044,147.609,-51.892,-165.920
spot5,414,0,2007-03-26,22:53:57,-43.047,147.599,58,-43.047,147.599,-46.048,162.504
spot5,414,0,2007-03-26,22:53:57,-43.047,147.599,58,-43.047,147.599,-46.048,162.504
spot5,414,A,2007-03-27,01:33:55,-43.039,147.605,8,-43.039,147.605,-33.301,99.649
spot5,414,A,2007-03-27,01:33:55,-43.039,147.605,8,-43.039,147.605,-33.301,99.649
spot5,414,B,2007-03-27,03:12:10,-43.065,147.610,0,-43.065,147.610,-36.545,-179.297
spot5,414,B,2007-03-27,03:12:10,-43.065,147.610,0,-43.065,147.610,-36.545,-179.297
spot5,414,0,2007-03-27,08:11:50,-43.022,147.584,58,-43.022,147.584,-43.538,144.918
spot5,414,0,2007-03-27,08:11:50,-43.022,147.584,58,-43.022,147.584,-43.538,144.918
spot5,414,2,2007-03-27,08:38:21,-43.027,147.599,68,-43.027,147.599,-54.447,88.228
spot5,414,2,2007-03-27,08:38:21,-43.027,147.599,68,-43.027,147.599,-54.447,88.228
spot5,414,B,2007-03-27,13:43:48,-43.025,147.596,0,-43.025,147.596,-47.825,123.901
spot5,414,B,2007-03-27,13:43:48,-43.025,147.596,0,-43.025,147.596,-47.825,123.901
spot5,414,3,2007-03-27,16:44:23,-43.022,147.582,68,-43.022,147.582,-46.771,166.411
spot5,414,3,2007-03-27,16:44:23,-43.022,147.582,68,-43.022,147.582,-46.771,166.411
spot5,414,1,2007-03-27,20:34:17,-43.040,147.565,56,-43.040,147.565,-33.415,100.773
spot5,414,1,2007-03-27,20:34:17,-43.040,147.565,56,-43.040,147.565,-33.415,100.773
spot5,414,A,2007-03-28,04:43:30,-43.036,147.591,8,-43.036,147.591,-44.813,138.232
spot5,414,A,2007-03-28,04:43:30,-43.036,147.591,8,-43.036,147.591,-44.813,138.232
spot5,414,B,2007-03-28,05:06:25,-43.036,147.575,0,-43.036,147.575,-34.514,-170.764
spot5,414,B,2007-03-28,05:06:25,-43.036,147.575,0,-43.036,147.575,-34.514,-170.764
spot5,414,1,2007-03-28,07:47:49,-43.003,147.589,58,-43.003,147.589,-41.312,156.201
spot5,414,1,2007-03-28,07:47:49,-43.003,147.589,58,-43.003,147.589,-41.312,156.201
spot5,414,B,2007-03-28,08:23:41,-43.020,147.585,0,-43.020,147.585,-53.616,94.692
spot5,414,B,2007-03-28,08:23:41,-43.020,147.585,0,-43.020,147.585,-53.616,94.692
spot5,414,A,2007-03-28,08:49:07,-43.003,147.593,8,-43.003,147.593,-47.156,125.385
spot5,414,A,2007-03-28,08:49:07,-43.003,147.593,8,-43.003,147.593,-47.156,125.385
spot5,414,0,2007-03-28,09:29:55,-43.015,147.566,58,-43.015,147.566,-50.123,108.254
spot5,414,0,2007-03-28,09:29:55,-43.015,147.566,58,-43.015,147.566,-50.123,108.254
spot5,414,0,2007-03-28,10:59:44,-43.040,147.566,58,-43.040,147.566,-33.848,-168.478
spot5,414,0,2007-03-28,10:59:44,-43.040,147.566,58,-43.040,147.566,-33.848,-168.478
spot5,414,A,2007-03-28,11:39:19,-43.082,147.976,8,-43.082,147.976,-36.592,-179.559
spot5,414,A,2007-03-28,11:39:19,-43.082,147.976,8,-43.082,147.976,-36.592,-179.559
spot5,414,B,2007-03-28,14:59:21,-42.952,147.636,0,-42.952,147.636,-54.506,86.729
spot5,414,B,2007-03-28,14:59:21,-42.952,147.636,0,-42.952,147.636,-54.506,86.729
spot5,414,B,2007-03-28,16:11:56,-42.989,147.606,0,-42.989,147.606,-37.652,120.954
spot5,414,B,2007-03-28,16:11:56,-42.989,147.606,0,-42.989,147.606,-37.652,120.954
spot5,414,0,2007-03-28,19:05:42,-42.973,147.460,68,-42.973,147.460,-42.257,143.666
spot5,414,0,2007-03-28,19:05:42,-42.973,147.460,68,-42.973,147.460,-42.257,143.666
spot5,414,B,2007-03-29,00:47:08,-43.020,147.569,0,-43.020,147.569,-37.877,120.682
spot5,414,B,2007-03-29,00:47:08,-43.020,147.569,0,-43.020,147.569,-37.877,120.682
spot5,414,A,2007-03-29,06:12:53,-43.064,147.617,0,-43.064,147.617,-53.402,94.640
spot5,414,A,2007-03-29,06:12:53,-43.064,147.617,0,-43.064,147.617,-53.402,94.640
spot5,414,1,2007-03-29,07:21:54,-43.024,147.565,58,-43.024,147.565,-39.099,167.188
spot5,414,1,2007-03-29,07:21:54,-43.024,147.565,58,-43.024,147.565,-39.099,167.188
spot5,414,3,2007-03-29,08:15:49,-43.000,147.596,66,-43.000,147.596,-52.373,99.810
spot5,414,3,2007-03-29,08:15:49,-43.000,147.596,66,-43.000,147.596,-52.373,99.810
spot5,414,2,2007-03-29,08:21:16,-43.017,147.584,58,-43.017,147.584,-45.090,137.201
spot5,414,2,2007-03-29,08:21:16,-43.017,147.584,58,-43.017,147.584,-45.090,137.201
spot5,414,1,2007-03-29,09:00:35,-43.024,147.593,58,-43.024,147.593,-48.473,119.600
spot5,414,1,2007-03-29,09:00:35,-43.024,147.593,58,-43.024,147.593,-48.473,119.600
spot5,414,B,2007-03-29,14:36:57,-43.042,147.542,0,-43.042,147.542,-52.518,98.116
spot5,414,B,2007-03-29,14:36:57,-43.042,147.542,0,-43.042,147.542,-52.518,98.116
spot5,414,A,2007-03-29,19:45:03,-42.884,147.527,5,-42.884,147.527,-29.252,83.270
spot5,414,A,2007-03-29,19:45:03,-42.884,147.527,5,-42.884,147.527,-29.252,83.270
spot5,414,2,2007-03-29,19:46:33,-43.014,147.578,68,-43.014,147.578,-38.283,124.361
spot5,414,2,2007-03-29,19:46:33,-43.014,147.578,68,-43.014,147.578,-38.283,124.361
spot5,414,2,2007-03-29,20:26:05,-43.035,147.563,50,-43.035,147.563,-35.047,107.296
spot5,414,2,2007-03-29,20:26:05,-43.035,147.563,50,-43.035,147.563,-35.047,107.296
spot5,414,A,2007-03-30,06:17:45,-43.016,147.548,8,-43.016,147.548,-33.387,-163.981
spot5,414,A,2007-03-30,06:17:45,-43.016,147.548,8,-43.016,147.548,-33.387,-163.981
spot5,414,B,2007-03-30,06:19:16,-43.052,147.923,0,-43.052,147.923,-41.406,153.842
spot5,414,B,2007-03-30,06:19:16,-43.052,147.923,0,-43.052,147.923,-41.406,153.842
spot5,414,B,2007-03-30,07:02:48,-43.048,147.510,0,-43.048,147.510,-36.998,178.849
spot5,414,B,2007-03-30,07:02:48,-43.048,147.510,0,-43.048,147.510,-36.998,178.849
spot5,414,A,2007-03-30,07:59:18,-43.062,147.628,8,-43.062,147.628,-42.798,148.965
spot5,414,A,2007-03-30,07:59:18,-43.062,147.628,8,-43.062,147.628,-42.798,148.965
spot5,414,A,2007-03-30,08:05:20,-43.050,147.588,8,-43.050,147.588,-51.246,105.343
spot5,414,A,2007-03-30,08:05:20,-43.050,147.588,8,-43.050,147.588,-51.246,105.343
spot5,414,A,2007-03-30,08:40:10,-43.063,147.543,8,-43.063,147.543,-45.472,132.170
spot5,414,A,2007-03-30,08:40:10,-43.063,147.543,8,-43.063,147.543,-45.472,132.170
spot5,414,3,2007-03-30,09:37:22,-43.078,147.553,68,-43.078,147.553,-51.749,101.617
spot5,414,3,2007-03-30,09:37:22,-43.078,147.553,68,-43.078,147.553,-51.749,101.617
spot5,414,B,2007-03-30,10:17:28,-43.060,147.566,0,-43.060,147.566,-54.734,83.161
spot5,414,B,2007-03-30,10:17:28,-43.060,147.566,0,-43.060,147.566,-54.734,83.161
spot5,414,0,2007-03-30,17:35:00,-43.123,147.288,68,-43.123,147.288,-49.816,-176.610
spot5,414,0,2007-03-30,17:35:00,-43.123,147.288,68,-43.123,147.288,-49.816,-176.610
spot5,414,2,2007-03-30,20:03:02,-43.169,147.568,56,-43.169,147.568,-37.397,118.478
spot5,414,2,2007-03-30,20:03:02,-43.169,147.568,56,-43.169,147.568,-37.397,118.478
spot5,414,B,2007-03-30,21:00:59,-43.159,147.585,0,-43.159,147.585,-31.424,88.209
spot5,414,B,2007-03-30,21:00:59,-43.159,147.585,0,-43.159,147.585,-31.424,88.209
spot5,414,A,2007-03-31,04:13:45,-43.181,147.675,0,-43.181,147.675,-42.283,152.331
spot5,414,A,2007-03-31,04:13:45,-43.181,147.675,0,-43.181,147.675,-42.283,152.331
spot5,414,B,2007-03-31,06:04:53,-43.150,147.638,0,-43.150,147.638,-38.713,159.960
spot5,414,B,2007-03-31,06:04:53,-43.150,147.638,0,-43.150,147.638,-38.713,159.960
spot5,414,B,2007-03-31,07:36:51,-43.236,147.581,0,-43.236,147.581,-40.790,161.341
spot5,414,B,2007-03-31,07:36:51,-43.236,147.581,0,-43.236,147.581,-40.790,161.341
spot5,414,1,2007-03-31,07:49:41,-43.176,147.663,56,-43.176,147.663,-50.659,110.956
spot5,414,1,2007-03-31,07:49:41,-43.176,147.663,56,-43.176,147.663,-50.659,110.956
spot5,414,1,2007-03-31,08:17:17,-43.176,147.664,58,-43.176,147.664,-44.148,142.608
spot5,414,1,2007-03-31,08:17:17,-43.176,147.664,58,-43.176,147.664,-44.148,142.608
spot5,414,2,2007-03-31,15:39:02,-43.185,147.655,68,-43.185,147.655,-40.589,135.193
spot5,414,2,2007-03-31,15:39:02,-43.185,147.655,68,-43.185,147.655,-40.589,135.193
spot5,414,B,2007-03-31,19:41:35,-43.168,147.577,0,-43.168,147.577,-38.993,129.060
spot5,414,B,2007-03-31,19:41:35,-43.168,147.577,0,-43.168,147.577,-38.993,129.060
spot5,414,1,2007-03-31,20:34:16,-43.147,147.595,58,-43.147,147.595,-33.618,100.088
spot5,414,1,2007-03-31,20:34:16,-43.147,147.595,58,-43.147,147.595,-33.618,100.088
spot5,414,A,2007-03-31,23:36:11,-43.151,147.636,8,-43.151,147.636,-44.232,153.457
spot5,414,A,2007-03-31,23:36:11,-43.151,147.636,8,-43.151,147.636,-44.232,153.457
spot5,414,B,2007-04-01,01:17:23,-43.110,147.622,0,-43.110,147.622,-35.111,106.068
spot5,414,B,2007-04-01,01:17:23,-43.110,147.622,0,-43.110,147.622,-35.111,106.068
spot5,414,B,2007-04-01,02:19:21,-43.181,147.643,0,-43.181,147.643,-31.797,-155.121
spot5,414,B,2007-04-01,02:19:21,-43.181,147.643,0,-43.181,147.643,-31.797,-155.121
spot5,414,2,2007-04-01,06:01:25,-43.160,147.656,68,-43.160,147.656,-39.744,164.368
spot5,414,2,2007-04-01,06:01:25,-43.160,147.656,68,-43.160,147.656,-39.744,164.368
spot5,414,Z,2007-04-01,06:10:11,-43.155,147.662,50,-43.155,147.662,-32.695,-158.519
spot5,414,Z,2007-04-01,06:10:11,-43.155,147.662,50,-43.155,147.662,-32.695,-158.519
spot5,414,1,2007-04-01,07:06:51,-43.154,147.690,58,-43.154,147.690,-38.194,172.095
spot5,414,1,2007-04-01,07:06:51,-43.154,147.690,58,-43.154,147.690,-38.194,172.095
spot5,414,A,2007-04-02,00:54:35,-43.976,147.862,0,-43.976,147.862,-37.436,116.589
spot5,414,A,2007-04-02,00:54:35,-43.976,147.862,0,-43.976,147.862,-37.436,116.589
spot5,414,B,2007-04-02,02:09:14,-42.674,147.641,0,-42.674,147.641,-30.396,-150.444
spot5,414,B,2007-04-02,02:09:14,-42.674,147.641,0,-42.674,147.641,-30.396,-150.444
spot5,414,A,2007-04-02,06:43:22,-43.132,147.518,8,-43.132,147.518,-35.508,-175.725
spot5,414,A,2007-04-02,06:43:22,-43.132,147.518,8,-43.132,147.518,-35.508,-175.725
spot5,414,1,2007-04-02,08:25:12,-43.125,147.498,57,-43.125,147.498,-45.122,136.941
spot5,414,1,2007-04-02,08:25:12,-43.125,147.498,57,-43.125,147.498,-45.122,136.941
spot5,414,1,2007-04-02,20:29:38,-43.159,147.516,50,-43.159,147.516,-34.848,104.844
spot5,414,1,2007-04-02,20:29:38,-43.159,147.516,50,-43.159,147.516,-34.848,104.844
spot5,414,0,2007-04-02,21:23:20,-43.201,147.499,58,-43.201,147.499,-54.475,-153.346
spot5,414,0,2007-04-02,21:23:20,-43.201,147.499,58,-43.201,147.499,-54.475,-153.346
spot5,414,B,2007-04-03,03:38:17,-43.157,147.500,0,-43.157,147.500,-39.059,167.801
spot5,414,B,2007-04-03,03:38:17,-43.157,147.500,0,-43.157,147.500,-39.059,167.801
spot5,414,A,2007-04-03,07:19:31,-43.118,147.503,8,-43.118,147.503,-46.960,127.882
spot5,414,A,2007-04-03,07:19:31,-43.118,147.503,8,-43.118,147.503,-46.960,127.882
spot5,414,B,2007-04-03,20:09:16,-43.174,147.532,0,-43.174,147.532,-37.011,115.312
spot5,414,B,2007-04-03,20:09:16,-43.174,147.532,0,-43.174,147.532,-37.011,115.312
spot5,414,1,2007-04-04,06:50:13,-43.194,147.603,60,-43.194,147.603,-56.662,75.052
spot5,414,1,2007-04-04,06:50:13,-43.194,147.603,60,-43.194,147.603,-56.662,75.052
spot5,414,1,2007-04-04,07:05:49,-43.170,147.590,56,-43.170,147.590,-45.952,133.794
spot5,414,1,2007-04-04,07:05:49,-43.170,147.590,56,-43.170,147.590,-45.952,133.794
spot5,414,2,2007-04-04,07:34:55,-43.166,147.594,68,-43.166,147.594,-40.310,160.655
spot5,414,2,2007-04-04,07:34:55,-43.166,147.594,68,-43.166,147.594,-40.310,160.655
spot5,414,B,2007-04-04,08:23:06,-43.168,147.603,0,-43.168,147.603,-44.516,140.449
spot5,414,B,2007-04-04,08:23:06,-43.168,147.603,0,-43.168,147.603,-44.516,140.449
spot5,414,B,2007-04-04,12:27:09,-43.139,147.602,0,-43.139,147.602,-40.379,164.001
spot5,414,B,2007-04-04,12:27:09,-43.139,147.602,0,-43.139,147.602,-40.379,164.001
spot5,414,A,2007-04-04,12:49:00,-43.139,147.645,8,-43.139,147.645,-44.712,139.929
spot5,414,A,2007-04-04,12:49:00,-43.139,147.645,8,-43.139,147.645,-44.712,139.929
spot5,414,1,2007-04-04,13:19:45,-43.160,147.596,56,-43.160,147.596,-53.942,-156.793
spot5,414,1,2007-04-04,13:19:45,-43.160,147.596,56,-43.160,147.596,-53.942,-156.793
spot5,414,2,2007-04-04,14:02:19,-43.144,147.593,58,-43.144,147.593,0.520,-0.102
spot5,414,2,2007-04-04,14:02:19,-43.144,147.593,58,-43.144,147.593,0.520,-0.102
spot5,414,2,2007-04-04,15:00:38,-43.141,147.617,68,-43.141,147.617,-44.582,154.861
spot5,414,2,2007-04-04,15:00:38,-43.141,147.617,68,-43.141,147.617,-44.582,154.861
spot5,414,B,2007-04-04,16:24:56,-43.127,147.616,0,-43.127,147.616,-56.561,-136.097
spot5,414,B,2007-04-04,16:24:56,-43.127,147.616,0,-43.127,147.616,-56.561,-136.097
spot5,414,1,2007-04-04,16:42:06,-43.122,147.603,58,-43.122,147.603,-34.800,107.760
spot5,414,1,2007-04-04,16:42:06,-43.122,147.603,58,-43.122,147.603,-34.800,107.760
spot5,414,2,2007-04-04,16:50:54,-43.121,147.610,58,-43.121,147.610,-46.266,163.364
spot5,414,2,2007-04-04,16:50:54,-43.121,147.610,58,-43.121,147.610,-46.266,163.364
spot5,414,B,2007-04-04,20:34:53,-43.140,147.643,0,-43.140,147.643,-33.704,99.746
spot5,414,B,2007-04-04,20:34:53,-43.140,147.643,0,-43.140,147.643,-33.704,99.746
spot5,414,A,2007-04-04,22:03:38,-43.145,147.603,8,-43.145,147.603,-52.328,-162.233
spot5,414,A,2007-04-04,22:03:38,-43.145,147.603,8,-43.145,147.603,-52.328,-162.233
spot5,414,2,2007-04-04,22:35:57,-43.144,147.582,58,-43.144,147.582,-47.710,170.601
spot5,414,2,2007-04-04,22:35:57,-43.144,147.582,58,-43.144,147.582,-47.710,170.601
spot5,414,1,2007-04-05,06:52:23,-43.189,147.608,66,-43.189,147.608,-44.598,139.893
spot5,414,1,2007-04-05,06:52:23,-43.189,147.608,66,-43.189,147.608,-44.598,139.893
spot5,414,A,2007-04-05,07:10:42,-43.185,147.591,8,-43.185,147.591,-38.136,172.158
spot5,414,A,2007-04-05,07:10:42,-43.185,147.591,8,-43.185,147.591,-38.136,172.158
spot5,414,B,2007-04-05,08:02:36,-43.209,147.545,0,-43.209,147.545,-42.467,152.401
spot5,414,B,2007-04-05,08:02:36,-43.209,147.545,0,-43.209,147.545,-42.467,152.401
spot5,414,1,2007-04-05,14:47:26,-43.225,147.559,58,-43.225,147.559,-45.677,159.622
spot5,414,1,2007-04-05,14:47:26,-43.225,147.559,58,-43.225,147.559,-45.677,159.622
spot5,414,B,2007-04-05,14:59:43,-43.218,147.568,0,-43.218,147.568,-56.451,-142.017
spot5,414,B,2007-04-05,14:59:43,-43.218,147.568,0,-43.218,147.568,-56.451,-142.017
spot5,414,A,2007-04-05,22:21:38,-43.197,147.571,8,-43.197,147.571,-48.875,177.230
spot5,414,A,2007-04-05,22:21:38,-43.197,147.571,8,-43.197,147.571,-48.875,177.230
spot5,414,B,2007-04-05,23:23:48,-43.243,147.632,0,-43.243,147.632,-45.858,160.123
spot5,414,B,2007-04-05,23:23:48,-43.243,147.632,0,-43.243,147.632,-45.858,160.123
spot5,414,B,2007-04-06,08:20:27,-43.227,147.483,0,-43.227,147.483,-45.753,138.119
spot5,414,B,2007-04-06,08:20:27,-43.227,147.483,0,-43.227,147.483,-45.753,138.119
spot5,414,A,2007-04-06,11:36:24,-43.174,147.535,0,-43.174,147.535,-35.894,-174.749
spot5,414,A,2007-04-06,11:36:24,-43.174,147.535,0,-43.174,147.535,-35.894,-174.749
spot5,414,A,2007-04-06,08:19:26,-43.180,147.553,8,-43.180,147.553,-53.426,96.420
spot5,414,A,2007-04-06,08:19:26,-43.180,147.553,8,-43.180,147.553,-53.426,96.420
spot5,414,Z,2007-04-06,18:13:38,-37.826,126.299,10,-37.826,126.299,-43.105,147.712
spot5,414,Z,2007-04-06,18:13:38,-37.826,126.299,10,-37.826,126.299,-43.105,147.712
spot5,414,Z,2007-04-06,18:51:49,-43.493,149.505,10,-43.493,149.505,-43.160,147.630
spot5,414,Z,2007-04-06,18:51:49,-43.493,149.505,10,-43.493,149.505,-43.160,147.630
spot5,414,A,2007-04-06,22:09:05,-43.133,147.525,8,-43.133,147.525,-49.988,-176.500
spot5,414,A,2007-04-06,22:09:05,-43.133,147.525,8,-43.133,147.525,-49.988,-176.500
spot5,414,B,2007-04-06,22:55:25,-43.130,147.497,0,-43.130,147.497,-47.694,171.432
spot5,414,B,2007-04-06,22:55:25,-43.130,147.497,0,-43.130,147.497,-47.694,171.432
spot5,414,1,2007-04-07,08:10:35,-43.136,147.578,58,-43.136,147.578,-51.970,102.601
spot5,414,1,2007-04-07,08:10:35,-43.136,147.578,58,-43.136,147.578,-51.970,102.601
spot5,414,3,2007-04-07,16:07:27,-43.202,147.539,58,-43.202,147.539,-38.074,121.920
spot5,414,3,2007-04-07,16:07:27,-43.202,147.539,58,-43.202,147.539,-38.074,121.920
spot5,414,1,2007-04-07,16:15:46,-43.197,147.524,56,-43.197,147.524,-49.689,-179.982
spot5,414,1,2007-04-07,16:15:46,-43.197,147.524,56,-43.197,147.524,-49.689,-179.982
spot5,414,1,2007-04-07,16:52:23,-43.203,147.535,58,-43.203,147.535,-54.406,-150.722
spot5,414,1,2007-04-07,16:52:23,-43.203,147.535,58,-43.203,147.535,-54.406,-150.722
spot5,414,B,2007-04-07,17:42:24,-43.212,147.521,0,-43.212,147.521,-49.736,-178.076
spot5,414,B,2007-04-07,17:42:24,-43.212,147.521,0,-43.212,147.521,-49.736,-178.076
spot5,414,2,2007-04-07,17:56:28,-43.218,147.522,58,-43.218,147.522,-40.210,132.699
spot5,414,2,2007-04-07,17:56:28,-43.218,147.522,58,-43.218,147.522,-40.210,132.699
spot5,414,A,2007-04-07,18:27:18,-43.222,147.543,8,-43.222,147.543,-45.724,161.174
spot5,414,A,2007-04-07,18:27:18,-43.222,147.543,8,-43.222,147.543,-45.724,161.174
spot5,414,A,2007-04-07,19:21:28,-43.276,147.503,8,-43.276,147.503,-40.140,134.432
spot5,414,A,2007-04-07,19:21:28,-43.276,147.503,8,-43.276,147.503,-40.140,134.432
spot5,414,A,2007-04-07,20:10:40,-43.234,147.493,8,-43.234,147.493,-36.832,113.972
spot5,414,A,2007-04-07,20:10:40,-43.234,147.493,8,-43.234,147.493,-36.832,113.972
spot5,414,B,2007-04-08,08:28:37,-43.240,147.500,0,-43.240,147.500,-45.030,138.678
spot5,414,B,2007-04-08,08:28:37,-43.240,147.500,0,-43.240,147.500,-45.030,138.678
spot5,414,B,2007-04-08,19:30:03,-43.230,147.544,0,-43.230,147.544,-31.292,90.390
spot5,414,B,2007-04-08,19:30:03,-43.230,147.544,0,-43.230,147.544,-31.292,90.390
spot5,414,B,2007-04-10,09:20:59,-43.186,147.565,0,-43.186,147.565,-49.490,113.433
spot5,414,B,2007-04-10,09:20:59,-43.186,147.565,0,-43.186,147.565,-49.490,113.433
spot5,414,B,2007-04-10,18:10:44,-43.226,147.546,0,-43.226,147.546,-47.808,168.668
spot5,414,B,2007-04-10,18:10:44,-43.226,147.546,0,-43.226,147.546,-47.808,168.668
spot5,414,A,2007-04-10,19:03:24,-43.144,147.454,0,-43.144,147.454,-33.784,102.352
spot5,414,A,2007-04-10,19:03:24,-43.144,147.454,0,-43.144,147.454,-33.784,102.352
spot5,414,A,2007-04-12,06:49:47,-43.143,147.651,0,-43.143,147.651,-36.199,-177.302
spot5,414,A,2007-04-12,06:49:47,-43.143,147.651,0,-43.143,147.651,-36.199,-177.302
spot5,414,B,2007-04-12,07:10:24,-43.168,147.668,0,-43.168,147.668,-46.590,131.048
spot5,414,B,2007-04-12,07:10:24,-43.168,147.668,0,-43.168,147.668,-46.590,131.048
spot5,414,B,2007-04-12,07:39:40,-43.243,147.469,0,-43.243,147.469,-40.929,160.001
spot5,414,B,2007-04-12,07:39:40,-43.243,147.469,0,-43.243,147.469,-40.929,160.001
spot5,414,2,2007-04-12,08:31:30,-43.149,147.669,56,-43.149,147.669,-45.444,135.625
spot5,414,2,2007-04-12,08:31:30,-43.149,147.669,56,-43.149,147.669,-45.444,135.625
spot5,414,0,2007-04-12,08:50:26,-43.156,147.659,56,-43.156,147.659,-56.004,81.837
spot5,414,0,2007-04-12,08:50:26,-43.156,147.659,56,-43.156,147.659,-56.004,81.837
spot5,414,1,2007-04-12,09:17:36,-43.150,147.645,58,-43.150,147.645,-49.866,111.974
spot5,414,1,2007-04-12,09:17:36,-43.150,147.645,58,-43.150,147.645,-49.866,111.974
spot5,414,0,2007-04-12,10:09:17,-43.147,147.614,58,-43.147,147.614,-54.208,87.527
spot5,414,0,2007-04-12,10:09:17,-43.147,147.614,58,-43.147,147.614,-54.208,87.527
spot5,414,B,2007-04-12,22:17:24,-43.233,148.060,0,-43.233,148.060,-50.858,-170.688
spot5,414,B,2007-04-12,22:17:24,-43.233,148.060,0,-43.233,148.060,-50.858,-170.688
spot5,414,A,2007-04-14,03:25:21,-43.337,147.560,0,-43.337,147.560,-38.136,172.872
spot5,414,A,2007-04-14,03:25:21,-43.337,147.560,0,-43.337,147.560,-38.136,172.872
spot5,414,B,2007-04-14,05:10:11,-43.353,147.519,0,-43.353,147.519,-47.565,125.831
spot5,414,B,2007-04-14,05:10:11,-43.353,147.519,0,-43.353,147.519,-47.565,125.831
spot5,414,A,2007-04-15,11:29:59,-43.238,147.352,0,-43.238,147.352,-35.380,-171.472
spot5,414,A,2007-04-15,11:29:59,-43.238,147.352,0,-43.238,147.352,-35.380,-171.472
spot5,414,A,2007-04-15,17:47:12,-43.494,148.005,7,-43.494,148.005,-49.953,-178.951
spot5,414,A,2007-04-15,17:47:12,-43.494,148.005,7,-43.494,148.005,-49.953,-178.951
spot5,414,B,2007-04-16,06:55:52,-43.546,147.889,0,-43.546,147.889,-37.254,-179.494
spot5,414,B,2007-04-16,06:55:52,-43.546,147.889,0,-43.546,147.889,-37.254,-179.494
spot5,414,A,2007-04-19,00:39:37,-44.129,148.792,0,-44.129,148.792,-36.654,113.594
spot5,414,A,2007-04-19,00:39:37,-44.129,148.792,0,-44.129,148.792,-36.654,113.594
spot5,414,Z,2007-04-19,01:02:26,-43.962,148.458,40,-43.962,148.458,-36.884,111.890
spot5,414,Z,2007-04-19,01:02:26,-43.962,148.458,40,-43.962,148.458,-36.884,111.890
spot5,414,1,2007-04-19,02:35:32,-43.671,148.348,55,-43.671,148.348,-33.804,-162.841
spot5,414,1,2007-04-19,02:35:32,-43.671,148.348,55,-43.671,148.348,-33.804,-162.841
spot5,414,B,2007-04-20,00:38:34,-43.467,148.253,0,-43.467,148.253,-38.648,123.260
spot5,414,B,2007-04-20,00:38:34,-43.467,148.253,0,-43.467,148.253,-38.648,123.260
spot5,414,0,2007-04-20,04:09:13,-43.443,148.098,60,-43.443,148.098,-42.170,154.624
spot5,414,0,2007-04-20,04:09:13,-43.443,148.098,60,-43.443,148.098,-42.170,154.624
spot5,414,1,2007-04-21,05:26:32,-43.118,148.443,58,-43.118,148.443,-36.516,-179.597
spot5,414,1,2007-04-21,05:26:32,-43.118,148.443,58,-43.118,148.443,-36.516,-179.597
spot5,414,A,2007-04-21,05:33:17,-43.087,148.602,0,-43.087,148.602,-50.669,110.417
spot5,414,A,2007-04-21,05:33:17,-43.087,148.602,0,-43.087,148.602,-50.669,110.417
spot5,414,1,2007-04-21,08:16:22,-43.155,148.486,68,-43.155,148.486,-0.305,0.382
spot5,414,1,2007-04-21,08:16:22,-43.155,148.486,68,-43.155,148.486,-0.305,0.382
spot5,414,0,2007-04-21,18:33:55,-43.036,148.568,48,-43.036,148.568,-44.480,156.002
spot5,414,0,2007-04-21,18:33:55,-43.036,148.568,48,-43.036,148.568,-44.480,156.002
spot5,414,0,2007-04-21,18:33:55,-43.020,148.619,50,-43.020,148.619,-36.230,115.251
spot5,414,0,2007-04-21,18:33:55,-43.020,148.619,50,-43.020,148.619,-36.230,115.251
spot5,414,A,2007-04-21,23:54:32,-43.073,148.581,8,-43.073,148.581,-42.355,144.908
spot5,414,A,2007-04-21,23:54:32,-43.073,148.581,8,-43.073,148.581,-42.355,144.908
spot5,414,B,2007-04-21,23:59:08,-43.053,148.600,0,-43.053,148.600,-39.784,132.493
spot5,414,B,2007-04-21,23:59:08,-43.053,148.600,0,-43.053,148.600,-39.784,132.493
spot5,414,0,2007-04-22,03:42:06,-43.079,148.616,58,-43.079,148.616,-40.123,163.278
spot5,414,0,2007-04-22,03:42:06,-43.079,148.616,58,-43.079,148.616,-40.123,163.278
spot5,414,B,2007-04-22,05:18:17,-43.085,148.722,0,-43.085,148.722,-35.560,-174.284
spot5,414,B,2007-04-22,05:18:17,-43.085,148.722,0,-43.085,148.722,-35.560,-174.284
spot5,414,1,2007-04-22,05:27:23,-43.077,148.616,58,-43.077,148.616,-49.202,116.327
spot5,414,1,2007-04-22,05:27:23,-43.077,148.616,58,-43.077,148.616,-49.202,116.327
spot5,414,1,2007-04-22,07:52:22,-43.072,148.582,58,-43.072,148.582,-42.286,152.723
spot5,414,1,2007-04-22,07:52:22,-43.072,148.582,58,-43.072,148.582,-42.286,152.723
spot5,414,B,2007-04-22,08:33:15,-43.061,148.698,0,-43.061,148.698,-45.562,134.277
spot5,414,B,2007-04-22,08:33:15,-43.061,148.698,0,-43.061,148.698,-45.562,134.277
spot5,414,B,2007-04-22,08:33:15,-43.082,148.544,0,-43.082,148.544,-54.418,90.581
spot5,414,B,2007-04-22,08:33:15,-43.082,148.544,0,-43.082,148.544,-54.418,90.581
spot5,414,A,2007-04-22,15:01:37,-43.030,148.743,8,-43.030,148.743,-55.798,-143.039
spot5,414,A,2007-04-22,15:01:37,-43.030,148.743,8,-43.030,148.743,-55.798,-143.039
spot5,414,Z,2007-04-22,15:18:46,-43.025,149.068,10,-43.025,149.068,-41.720,144.961
spot5,414,Z,2007-04-22,15:18:46,-43.025,149.068,10,-43.025,149.068,-41.720,144.961
spot5,414,B,2007-04-22,17:32:06,-43.061,148.797,0,-43.061,148.797,-50.144,-172.969
spot5,414,B,2007-04-22,17:32:06,-43.061,148.797,0,-43.061,148.797,-50.144,-172.969
spot5,414,B,2007-04-22,19:18:14,-43.062,148.805,0,-43.062,148.805,-40.220,138.528
spot5,414,B,2007-04-22,19:18:14,-43.062,148.805,0,-43.062,148.805,-40.220,138.528
spot5,414,1,2007-04-28,17:12:28,-41.285,149.184,56,-41.285,149.184,-42.474,154.513
spot5,414,1,2007-04-28,17:12:28,-41.285,149.184,56,-41.285,149.184,-42.474,154.513
spot5,414,2,2007-04-28,17:22:19,-41.278,149.194,60,-41.278,149.194,-49.358,-168.544
spot5,414,2,2007-04-28,17:22:19,-41.278,149.194,60,-41.278,149.194,-49.358,-168.544
spot5,414,0,2007-04-28,18:34:44,-41.239,149.119,58,-41.239,149.119,-43.758,158.902
spot5,414,0,2007-04-28,18:34:44,-41.239,149.119,58,-41.239,149.119,-43.758,158.902
spot5,414,B,2007-04-28,18:53:15,-41.262,149.166,0,-41.262,149.166,-32.666,107.390
spot5,414,B,2007-04-28,18:53:15,-41.262,149.166,0,-41.262,149.166,-32.666,107.390
spot5,414,1,2007-04-28,19:01:07,-41.272,149.158,58,-41.272,149.158,-40.235,144.032
spot5,414,1,2007-04-28,19:01:07,-41.272,149.158,58,-41.272,149.158,-40.235,144.032
spot5,414,A,2007-04-29,18:35:33,-41.043,149.248,0,-41.043,149.248,-42.358,156.032
spot5,414,A,2007-04-29,18:35:33,-41.043,149.248,0,-41.043,149.248,-42.358,156.032
spot5,414,A,2007-04-30,07:59:58,-41.105,149.342,0,-41.105,149.342,-41.814,145.804
spot5,414,A,2007-04-30,07:59:58,-41.105,149.342,0,-41.105,149.342,-41.814,145.804
spot5,414,2,2007-04-30,22:04:45,-41.142,149.398,66,-41.142,149.398,-50.301,-163.474
spot5,414,2,2007-04-30,22:04:45,-41.142,149.398,66,-41.142,149.398,-50.301,-163.474
spot5,414,A,2007-04-30,23:39:09,-41.158,149.410,8,-41.158,149.410,-39.528,141.193
spot5,414,A,2007-04-30,23:39:09,-41.158,149.410,8,-41.158,149.410,-39.528,141.193
spot5,414,B,2007-04-30,23:39:51,-41.272,149.968,0,-41.272,149.968,-40.905,147.901
spot5,414,B,2007-04-30,23:39:51,-41.272,149.968,0,-41.272,149.968,-40.905,147.901
spot5,414,B,2007-05-01,01:25:21,-41.162,149.410,0,-41.162,149.410,-31.757,101.349
spot5,414,B,2007-05-01,01:25:21,-41.162,149.410,0,-41.162,149.410,-31.757,101.349
spot5,414,3,2007-05-01,03:52:38,-41.189,149.399,60,-41.189,149.399,-39.362,158.183
spot5,414,3,2007-05-01,03:52:38,-41.189,149.399,60,-41.189,149.399,-39.362,158.183
spot5,414,B,2007-05-01,17:20:41,-41.250,149.543,0,-41.250,149.543,-49.650,-165.584
spot5,414,B,2007-05-01,17:20:41,-41.250,149.543,0,-41.250,149.543,-49.650,-165.584
spot5,414,B,2007-05-02,05:01:00,-41.203,149.508,0,-41.203,149.508,-32.433,-168.010
spot5,414,B,2007-05-02,05:01:00,-41.203,149.508,0,-41.203,149.508,-32.433,-168.010
spot5,414,2,2007-05-02,05:21:46,-41.208,149.499,60,-41.208,149.499,-48.247,114.849
spot5,414,2,2007-05-02,05:21:46,-41.208,149.499,60,-41.208,149.499,-48.247,114.849
spot5,414,3,2007-05-02,07:12:17,-41.210,149.488,68,-41.210,149.488,-37.410,168.282
spot5,414,3,2007-05-02,07:12:17,-41.210,149.488,68,-41.210,149.488,-37.410,168.282
spot5,414,1,2007-05-02,07:41:08,-41.206,149.498,56,-41.206,149.498,-40.235,154.271
spot5,414,1,2007-05-02,07:41:08,-41.206,149.498,56,-41.206,149.498,-40.235,154.271
spot5,414,0,2007-05-03,11:35:35,-41.127,149.603,40,-41.127,149.603,-35.878,173.816
spot5,414,0,2007-05-03,11:35:35,-41.127,149.603,40,-41.127,149.603,-35.878,173.816
spot5,414,A,2007-05-03,16:34:02,-40.964,149.711,8,-40.964,149.711,-53.732,-141.810
spot5,414,A,2007-05-03,16:34:02,-40.964,149.711,8,-40.964,149.711,-53.732,-141.810
spot5,414,Z,2007-05-03,18:15:30,-45.392,167.749,10,-45.392,167.749,-40.969,149.539
spot5,414,Z,2007-05-03,18:15:30,-45.392,167.749,10,-45.392,167.749,-40.969,149.539
spot5,414,0,2007-05-04,03:23:24,-40.972,149.560,50,-40.972,149.560,-36.318,172.614
spot5,414,0,2007-05-04,03:23:24,-40.972,149.560,50,-40.972,149.560,-36.318,172.614
spot5,414,2,2007-05-04,05:04:11,-40.960,149.554,58,-40.960,149.554,-45.774,124.794
spot5,414,2,2007-05-04,05:04:11,-40.960,149.554,58,-40.960,149.554,-45.774,124.794
spot5,414,1,2007-05-04,06:16:03,-40.957,149.553,58,-40.957,149.553,-39.709,155.564
spot5,414,1,2007-05-04,06:16:03,-40.957,149.553,58,-40.957,149.553,-39.709,155.564
spot5,414,0,2007-05-04,08:08:32,-40.962,149.524,58,-40.962,149.524,-42.160,143.217
spot5,414,0,2007-05-04,08:08:32,-40.962,149.524,58,-40.962,149.524,-42.160,143.217
spot5,414,A,2007-05-04,14:10:29,-40.977,149.484,8,-40.977,149.484,-48.729,108.076
spot5,414,A,2007-05-04,14:10:29,-40.977,149.484,8,-40.977,149.484,-48.729,108.076
spot5,414,1,2007-05-04,16:03:52,-41.001,149.475,58,-41.001,149.475,-49.006,-171.549
spot5,414,1,2007-05-04,16:03:52,-41.001,149.475,58,-41.001,149.475,-49.006,-171.549
spot5,414,A,2007-05-04,19:26:04,-40.896,149.305,7,-40.896,149.305,-28.917,94.109
spot5,414,A,2007-05-04,19:26:04,-40.896,149.305,7,-40.896,149.305,-28.917,94.109
spot5,414,1,2007-05-04,19:28:06,-41.006,149.466,58,-41.006,149.466,-37.801,133.343
spot5,414,1,2007-05-04,19:28:06,-41.006,149.466,58,-41.006,149.466,-37.801,133.343
spot5,414,B,2007-05-04,19:51:53,-40.995,149.472,0,-40.995,149.472,-35.065,119.768
spot5,414,B,2007-05-04,19:51:53,-40.995,149.472,0,-40.995,149.472,-35.065,119.768
spot5,414,B,2007-05-05,12:53:43,-40.847,149.342,0,-40.847,149.342,-42.883,138.893
spot5,414,B,2007-05-05,12:53:43,-40.847,149.342,0,-40.847,149.342,-42.883,138.893
spot5,414,B,2007-05-05,13:00:19,-40.842,149.337,0,-40.842,149.337,-52.647,-147.964
spot5,414,B,2007-05-05,13:00:19,-40.842,149.337,0,-40.842,149.337,-52.647,-147.964
spot5,414,1,2007-05-05,22:35:29,-40.791,149.280,50,-40.791,149.280,-45.470,172.179
spot5,414,1,2007-05-05,22:35:29,-40.791,149.280,50,-40.791,149.280,-45.470,172.179
spot5,414,Z,2007-05-05,23:31:55,-42.195,155.458,10,-42.195,155.458,-40.747,149.228
spot5,414,Z,2007-05-05,23:31:55,-42.195,155.458,10,-42.195,155.458,-40.747,149.228
spot5,414,B,2007-05-06,11:48:26,-40.802,149.074,0,-40.802,149.074,-35.195,178.241
spot5,414,B,2007-05-06,11:48:26,-40.802,149.074,0,-40.802,149.074,-35.195,178.241
spot5,414,A,2007-05-07,23:50:39,-40.350,148.936,0,-40.350,148.936,-38.040,137.828
spot5,414,A,2007-05-07,23:50:39,-40.350,148.936,0,-40.350,148.936,-38.040,137.828
spot5,414,B,2007-05-10,13:29:08,-40.124,150.000,0,-40.124,150.000,-45.046,126.406
spot5,414,B,2007-05-10,13:29:08,-40.124,150.000,0,-40.124,150.000,-45.046,126.406
spot5,414,A,2007-05-10,11:42:22,-40.039,150.009,0,-40.039,150.009,-36.278,168.039
spot5,414,A,2007-05-10,11:42:22,-40.039,150.009,0,-40.039,150.009,-36.278,168.039
spot5,414,B,2007-05-10,15:23:40,-40.077,149.964,0,-40.077,149.964,-38.259,139.706
spot5,414,B,2007-05-10,15:23:40,-40.077,149.964,0,-40.077,149.964,-38.259,139.706
spot5,414,B,2007-05-12,13:06:08,-40.499,149.614,0,-40.499,149.614,-43.102,134.529
spot5,414,B,2007-05-12,13:06:08,-40.499,149.614,0,-40.499,149.614,-43.102,134.529
spot5,414,B,2007-05-18,16:42:46,-39.691,150.583,0,-39.691,150.583,-44.427,170.322
spot5,414,B,2007-05-18,16:42:46,-39.691,150.583,0,-39.691,150.583,-44.427,170.322
spot5,414,B,2007-05-18,17:15:42,-39.395,150.603,0,-39.395,150.603,-48.137,-163.516
spot5,414,B,2007-05-18,17:15:42,-39.395,150.603,0,-39.395,150.603,-48.137,-163.516
spot5,414,A,2007-05-18,18:52:21,-38.929,149.580,0,-38.929,149.580,-39.046,150.195
spot5,414,A,2007-05-18,18:52:21,-38.929,149.580,0,-38.929,149.580,-39.046,150.195
spot5,414,1,2007-05-18,19:06:01,-39.043,150.261,50,-39.043,150.261,-37.459,142.280
spot5,414,1,2007-05-18,19:06:01,-39.043,150.261,50,-39.043,150.261,-37.459,142.280
spot5,414,B,2007-05-19,08:19:14,-39.125,149.980,0,-39.125,149.980,-50.221,95.429
spot5,414,B,2007-05-19,08:19:14,-39.125,149.980,0,-39.125,149.980,-50.221,95.429
spot5,414,1,2007-05-19,11:46:25,-38.955,150.105,50,-38.955,150.105,-33.810,175.749
spot5,414,1,2007-05-19,11:46:25,-38.955,150.105,50,-38.955,150.105,-33.810,175.749
spot5,414,1,2007-05-19,13:24:28,-38.934,150.142,58,-38.934,150.142,-43.320,128.082
spot5,414,1,2007-05-19,13:24:28,-38.934,150.142,58,-38.934,150.142,-43.320,128.082
spot5,414,2,2007-05-19,13:11:09,-38.932,150.138,56,-38.932,150.138,-43.395,128.316
spot5,414,2,2007-05-19,13:11:09,-38.932,150.138,56,-38.932,150.138,-43.395,128.316
spot5,414,1,2007-05-19,15:37:16,-38.909,150.194,58,-38.909,150.194,-36.197,137.061
spot5,414,1,2007-05-19,15:37:16,-38.909,150.194,58,-38.909,150.194,-36.197,137.061
spot5,414,A,2007-05-20,19:46:40,-39.263,150.228,00,-39.263,150.228,-34.063,124.598
spot5,414,A,2007-05-20,19:46:40,-39.263,150.228,00,-39.263,150.228,-34.063,124.598
spot5,414,A,2007-05-21,14:15:32,-39.601,150.215,00,-39.601,150.215,-49.074,101.994
spot5,414,A,2007-05-21,14:15:32,-39.601,150.215,00,-39.601,150.215,-49.074,101.994
spot5,414,2,2007-05-21,15:14:26,-39.633,150.237,60,-39.633,150.237,-38.873,146.514
spot5,414,2,2007-05-21,15:14:26,-39.633,150.237,60,-39.633,150.237,-38.873,146.514
spot5,414,B,2007-05-23,14:53:27,-39.872,149.068,00,-39.872,149.068,-41.516,157.271
spot5,414,B,2007-05-23,14:53:27,-39.872,149.068,00,-39.872,149.068,-41.516,157.271
spot5,414,B,2007-05-24,15:27:00,-39.740,149.388,00,-39.740,149.388,-50.958,-153.152
spot5,414,B,2007-05-24,15:27:00,-39.740,149.388,00,-39.740,149.388,-50.958,-153.152
spot5,414,Z,2007-05-24,17:14:25,-41.999,156.880,10,-41.999,156.880,-39.702,149.425
spot5,414,Z,2007-05-24,17:14:25,-41.999,156.880,10,-41.999,156.880,-39.702,149.425
spot5,414,A,2007-05-24,18:06:28,-39.763,149.812,08,-39.763,149.812,-43.509,169.721
spot5,414,A,2007-05-24,18:06:28,-39.763,149.812,08,-39.763,149.812,-43.509,169.721
spot5,414,0,2007-05-24,18:21:53,-39.726,149.491,58,-39.726,149.491,-43.053,165.960
spot5,414,0,2007-05-24,18:21:53,-39.726,149.491,58,-39.726,149.491,-43.053,165.960
spot5,414,A,2007-05-24,19:49:05,-39.752,149.545,00,-39.752,149.545,-34.502,122.490
spot5,414,A,2007-05-24,19:49:05,-39.752,149.545,00,-39.752,149.545,-34.502,122.490
spot5,414,B,2007-05-27,18:41:44,-39.543,147.987,00,-39.543,147.987,-41.542,157.163
spot5,414,B,2007-05-27,18:41:44,-39.543,147.987,00,-39.543,147.987,-41.542,157.163
spot5,414,0,2007-05-27,18:44:44,-39.801,148.641,50,-39.801,148.641,-40.894,154.144
spot5,414,0,2007-05-27,18:44:44,-39.801,148.641,50,-39.801,148.641,-40.894,154.144
spot5,414,1,2007-05-27,20:20:21,-39.835,148.540,56,-39.835,148.540,-31.904,109.733
spot5,414,1,2007-05-27,20:20:21,-39.835,148.540,56,-39.835,148.540,-31.904,109.733
spot5,414,1,2007-05-27,20:24:49,-39.841,148.530,57,-39.841,148.530,-31.266,106.882
spot5,414,1,2007-05-27,20:24:49,-39.841,148.530,57,-39.841,148.530,-31.266,106.882
spot5,414,B,2007-05-28,01:01:31,-39.951,148.552,00,-39.951,148.552,-33.011,113.404
spot5,414,B,2007-05-28,01:01:31,-39.951,148.552,00,-39.951,148.552,-33.011,113.404
spot5,414,1,2007-05-28,02:35:34,-39.992,148.561,58,-39.992,148.561,-30.301,-164.997
spot5,414,1,2007-05-28,02:35:34,-39.992,148.561,58,-39.992,148.561,-30.301,-164.997
spot5,414,0,2007-05-28,04:17:14,-40.047,148.520,58,-40.047,148.520,-0.772,-0.569
spot5,414,0,2007-05-28,04:17:14,-40.047,148.520,58,-40.047,148.520,-0.772,-0.569
spot5,414,0,2007-05-28,04:58:00,-40.064,148.590,58,-40.064,148.590,-30.469,-165.069
spot5,414,0,2007-05-28,04:58:00,-40.064,148.590,58,-40.064,148.590,-30.469,-165.069
spot5,414,B,2007-05-28,05:52:25,-40.115,148.514,00,-40.115,148.514,-50.293,100.897
spot5,414,B,2007-05-28,05:52:25,-40.115,148.514,00,-40.115,148.514,-50.293,100.897
spot5,414,1,2007-05-28,06:38:31,-40.110,148.524,68,-40.110,148.524,-40.328,147.446
spot5,414,1,2007-05-28,06:38:31,-40.110,148.524,68,-40.110,148.524,-40.328,147.446
spot5,414,1,2007-05-29,00:39:23,-40.349,148.894,50,-40.349,148.894,-35.245,123.996
spot5,414,1,2007-05-29,00:39:23,-40.349,148.894,50,-40.349,148.894,-35.245,123.996
spot5,414,B,2007-05-31,09:06:16,-39.630,149.991,00,-39.630,149.991,-46.392,114.670
spot5,414,B,2007-05-31,09:06:16,-39.630,149.991,00,-39.630,149.991,-46.392,114.670
spot5,414,A,2007-05-31,19:08:45,-39.616,149.467,00,-39.616,149.467,-29.740,102.775
spot5,414,A,2007-05-31,19:08:45,-39.616,149.467,00,-39.616,149.467,-29.740,102.775
spot5,414,B,2007-06-01,07:27:23,-39.380,149.376,00,-39.380,149.376,-45.459,122.231
spot5,414,B,2007-06-01,07:27:23,-39.380,149.376,00,-39.380,149.376,-45.459,122.231
spot5,414,B,2007-06-04,20:27:00,-38.327,149.522,00,-38.327,149.522,-29.497,106.000
spot5,414,B,2007-06-04,20:27:00,-38.327,149.522,00,-38.327,149.522,-29.497,106.000
spot5,414,B,2007-06-04,20:27:00,-38.284,149.676,00,-38.284,149.676,-29.413,104.928
spot5,414,B,2007-06-04,20:27:00,-38.284,149.676,00,-38.284,149.676,-29.413,104.928
spot5,414,A,2007-06-06,08:12:53,-48.833,100.036,00,-48.833,100.036,-38.621,150.143
spot5,414,A,2007-06-06,08:12:53,-48.833,100.036,00,-48.833,100.036,-38.621,150.143
spot5,414,A,2007-06-06,08:17:26,-38.442,150.232,00,-38.442,150.232,-41.759,133.442
spot5,414,A,2007-06-06,08:17:26,-38.442,150.232,00,-38.442,150.232,-41.759,133.442
spot5,414,B,2007-06-06,08:17:26,-38.668,150.330,00,-38.668,150.330,-41.438,136.303
spot5,414,B,2007-06-06,08:17:26,-38.668,150.330,00,-38.668,150.330,-41.438,136.303
spot5,414,Z,2007-06-11,12:50:07,-41.005,141.321,10,-41.005,141.321,-37.875,152.349
spot5,414,Z,2007-06-11,12:50:07,-41.005,141.321,10,-41.005,141.321,-37.875,152.349
spot5,414,2,2007-06-13,08:45:06,-38.089,150.535,60,-38.089,150.535,-43.500,123.144
spot5,414,2,2007-06-13,08:45:06,-38.089,150.535,60,-38.089,150.535,-43.500,123.144
spot5,414,3,2007-06-13,08:52:45,-38.103,150.538,66,-38.103,150.538,-44.554,117.573
spot5,414,3,2007-06-13,08:52:45,-38.103,150.538,66,-38.103,150.538,-44.554,117.573
spot5,414,B,2007-06-13,12:10:19,-38.183,150.419,00,-38.183,150.419,-35.618,163.399
spot5,414,B,2007-06-13,12:10:19,-38.183,150.419,00,-38.183,150.419,-35.618,163.399
spot5,414,B,2007-06-13,14:40:23,-38.245,150.327,00,-38.245,150.327,-41.267,164.098
spot5,414,B,2007-06-13,14:40:23,-38.245,150.327,00,-38.245,150.327,-41.267,164.098
spot5,414,A,2007-06-13,16:35:33,-38.295,150.292,08,-38.295,150.292,-43.509,175.803
spot5,414,A,2007-06-13,16:35:33,-38.295,150.292,08,-38.295,150.292,-43.509,175.803
spot5,414,B,2007-06-14,03:00:34,-38.654,150.212,00,-38.654,150.212,-32.412,-179.291
spot5,414,B,2007-06-14,03:00:34,-38.654,150.212,00,-38.654,150.212,-32.412,-179.291
spot5,414,A,2007-06-16,06:14:34,-39.846,150.187,08,-39.846,150.187,-38.364,157.101
spot5,414,A,2007-06-16,06:14:34,-39.846,150.187,08,-39.846,150.187,-38.364,157.101
spot5,414,0,2007-06-16,07:28:32,-39.912,150.303,46,-39.912,150.303,-37.852,159.839
spot5,414,0,2007-06-16,07:28:32,-39.912,150.303,46,-39.912,150.303,-37.852,159.839
spot5,414,B,2007-06-18,10:12:14,-40.986,149.081,00,-40.986,149.081,-53.319,81.014
spot5,414,B,2007-06-18,10:12:14,-40.986,149.081,00,-40.986,149.081,-53.319,81.014
spot5,414,B,2007-06-18,11:54:17,-40.936,149.084,00,-40.936,149.084,-36.148,173.446
spot5,414,B,2007-06-18,11:54:17,-40.936,149.084,00,-40.936,149.084,-36.148,173.446
spot5,414,B,2007-06-18,13:51:08,-41.020,149.154,00,-41.020,149.154,-49.220,-172.889
spot5,414,B,2007-06-18,13:51:08,-41.020,149.154,00,-41.020,149.154,-49.220,-172.889
spot5,414,B,2007-06-18,15:31:30,-40.961,148.330,00,-40.961,148.330,-38.794,140.469
spot5,414,B,2007-06-18,15:31:30,-40.961,148.330,00,-40.961,148.330,-38.794,140.469
spot5,414,0,2007-06-19,07:23:03,-40.980,148.659,50,-40.980,148.659,-45.017,128.463
spot5,414,0,2007-06-19,07:23:03,-40.980,148.659,50,-40.980,148.659,-45.017,128.463
spot5,414,A,2007-06-27,05:46:45,-42.399,149.486,00,-42.399,149.486,-51.161,104.184
spot5,414,A,2007-06-27,05:46:45,-42.399,149.486,00,-42.399,149.486,-51.161,104.184
spot5,414,B,2007-06-27,05:46:45,-42.400,149.494,00,-42.400,149.494,-37.484,173.625
spot5,414,B,2007-06-27,05:46:45,-42.400,149.494,00,-42.400,149.494,-37.484,173.625
spot5,414,1,2007-06-27,06:37:18,-42.384,149.480,56,-42.384,149.480,-35.415,-176.112
spot5,414,1,2007-06-27,06:37:18,-42.384,149.480,56,-42.384,149.480,-35.415,-176.112
spot5,414,B,2007-06-27,07:31:29,-42.368,149.439,00,-42.368,149.439,-46.673,126.614
spot5,414,B,2007-06-27,07:31:29,-42.368,149.439,00,-42.368,149.439,-46.673,126.614
spot5,414,0,2007-06-27,07:55:29,-42.350,149.532,58,-42.350,149.532,-42.459,148.997
spot5,414,0,2007-06-27,07:55:29,-42.350,149.532,58,-42.350,149.532,-42.459,148.997
spot5,414,B,2007-06-27,09:40:00,-42.357,149.592,00,-42.357,149.592,-51.357,101.616
spot5,414,B,2007-06-27,09:40:00,-42.357,149.592,00,-42.357,149.592,-51.357,101.616
spot5,414,B,2007-06-27,09:57:58,-42.343,149.542,00,-42.343,149.542,-53.426,88.378
spot5,414,B,2007-06-27,09:57:58,-42.343,149.542,00,-42.343,149.542,-53.426,88.378
spot5,414,0,2007-06-27,13:51:43,-42.301,149.500,58,-42.301,149.500,-48.820,-175.880
spot5,414,0,2007-06-27,13:51:43,-42.301,149.500,58,-42.301,149.500,-48.820,-175.880
spot5,414,1,2007-06-27,13:55:08,-42.295,149.489,58,-42.295,149.489,-48.880,-176.737
spot5,414,1,2007-06-27,13:55:08,-42.295,149.489,58,-42.295,149.489,-48.880,-176.737
spot5,414,A,2007-06-28,00:42:43,-42.327,149.432,08,-42.327,149.432,-36.325,118.154
spot5,414,A,2007-06-28,00:42:43,-42.327,149.432,08,-42.327,149.432,-36.325,118.154
spot5,414,1,2007-06-28,03:59:38,-42.325,149.393,50,-42.325,149.393,-40.879,156.775
spot5,414,1,2007-06-28,03:59:38,-42.325,149.393,50,-42.325,149.393,-40.879,156.775
spot5,414,0,2007-06-28,22:44:01,-42.444,149.108,56,-42.444,149.108,-47.774,176.421
spot5,414,0,2007-06-28,22:44:01,-42.444,149.108,56,-42.444,149.108,-47.774,176.421
spot5,414,B,2007-06-29,08:43:33,-42.590,149.040,00,-42.590,149.040,-54.046,89.337
spot5,414,B,2007-06-29,08:43:33,-42.590,149.040,00,-42.590,149.040,-54.046,89.337
spot5,414,1,2007-06-29,08:47:22,-42.593,149.022,56,-42.593,149.022,-47.136,126.007
spot5,414,1,2007-06-29,08:47:22,-42.593,149.022,56,-42.593,149.022,-47.136,126.007
spot5,414,B,2007-06-29,12:43:21,-42.670,148.946,00,-42.670,148.946,-42.015,153.335
spot5,414,B,2007-06-29,12:43:21,-42.670,148.946,00,-42.670,148.946,-42.015,153.335
spot5,414,A,2007-06-30,12:14:57,-42.749,148.772,00,-42.749,148.772,-39.722,163.873
spot5,414,A,2007-06-30,12:14:57,-42.749,148.772,00,-42.749,148.772,-39.722,163.873
spot5,414,B,2007-06-30,15:04:49,-42.714,148.758,00,-42.714,148.758,-43.174,151.087
spot5,414,B,2007-06-30,15:04:49,-42.714,148.758,00,-42.714,148.758,-43.174,151.087
spot5,414,B,2007-06-30,18:34:30,-42.602,148.637,00,-42.602,148.637,-45.212,157.327
spot5,414,B,2007-06-30,18:34:30,-42.602,148.637,00,-42.602,148.637,-45.212,157.327
spot5,414,B,2007-07-02,14:38:51,-42.512,148.515,00,-42.512,148.515,-44.575,160.591
spot5,414,B,2007-07-02,14:38:51,-42.512,148.515,00,-42.512,148.515,-44.575,160.591
spot5,414,A,2007-07-05,02:45:13,-42.541,148.770,00,-42.541,148.770,-33.831,-168.115
spot5,414,A,2007-07-05,02:45:13,-42.541,148.770,00,-42.541,148.770,-33.831,-168.115
spot5,414,B,2007-07-06,18:52:59,-43.122,148.385,00,-43.122,148.385,-35.358,112.355
spot5,414,B,2007-07-06,18:52:59,-43.122,148.385,00,-43.122,148.385,-35.358,112.355
spot5,414,1,2007-07-07,07:39:51,-42.971,148.851,56,-42.971,148.851,-41.622,155.737
spot5,414,1,2007-07-07,07:39:51,-42.971,148.851,56,-42.971,148.851,-41.622,155.737
spot5,414,A,2007-07-07,18:34:03,-43.253,149.035,08,-43.253,149.035,-45.297,159.282
spot5,414,A,2007-07-07,18:34:03,-43.253,149.035,08,-43.253,149.035,-45.297,159.282
spot5,414,Z,2007-07-07,18:36:05,-43.210,148.952,50,-43.210,148.952,-36.834,117.879
spot5,414,Z,2007-07-07,18:36:05,-43.210,148.952,50,-43.210,148.952,-36.834,117.879
spot5,414,3,2007-07-07,19:03:48,-43.202,148.944,66,-43.202,148.944,-41.967,142.790
spot5,414,3,2007-07-07,19:03:48,-43.202,148.944,66,-43.202,148.944,-41.967,142.790
spot5,414,2,2007-07-13,17:42:38,-42.956,149.312,60,-42.956,149.312,-49.355,-178.308
spot5,414,2,2007-07-13,17:42:38,-42.956,149.312,60,-42.956,149.312,-49.355,-178.308
spot5,414,A,2007-07-13,18:17:55,-42.948,149.335,08,-42.948,149.335,-45.469,162.934
spot5,414,A,2007-07-13,18:17:55,-42.948,149.335,08,-42.948,149.335,-45.469,162.934
spot5,414,B,2007-07-13,19:07:31,-42.924,149.350,00,-42.924,149.350,-33.629,103.946
spot5,414,B,2007-07-13,19:07:31,-42.924,149.350,00,-42.924,149.350,-33.629,103.946
spot5,414,B,2007-07-13,19:19:35,-42.922,149.338,00,-42.922,149.338,-40.144,134.435
spot5,414,B,2007-07-13,19:19:35,-42.922,149.338,00,-42.922,149.338,-40.144,134.435
spot5,414,A,2007-07-14,01:17:24,-42.829,149.466,08,-42.829,149.466,-33.614,102.916
spot5,414,A,2007-07-14,01:17:24,-42.829,149.466,08,-42.829,149.466,-33.614,102.916
spot5,414,0,2007-07-15,06:08:21,-42.473,149.556,58,-42.473,149.556,-32.836,-162.829
spot5,414,0,2007-07-15,06:08:21,-42.473,149.556,58,-42.473,149.556,-32.836,-162.829
spot5,414,1,2007-07-15,07:13:24,-42.467,149.538,50,-42.467,149.538,-38.236,171.187
spot5,414,1,2007-07-15,07:13:24,-42.467,149.538,50,-42.467,149.538,-38.236,171.187
spot5,414,Z,2007-07-15,07:15:51,-42.458,149.581,60,-42.458,149.581,-46.016,131.965
spot5,414,Z,2007-07-15,07:15:51,-42.458,149.581,60,-42.458,149.581,-46.016,131.965
spot5,414,0,2007-07-15,07:51:30,-42.476,149.422,58,-42.476,149.422,-42.304,150.334
spot5,414,0,2007-07-15,07:51:30,-42.476,149.422,58,-42.476,149.422,-42.304,150.334
spot5,414,B,2007-07-15,09:25:58,-42.439,149.545,00,-42.439,149.545,-51.509,103.650
spot5,414,B,2007-07-15,09:25:58,-42.439,149.545,00,-42.439,149.545,-51.509,103.650
spot5,414,A,2007-07-15,15:52:06,-42.413,149.393,08,-42.413,149.393,-38.248,129.240
spot5,414,A,2007-07-15,15:52:06,-42.413,149.393,08,-42.413,149.393,-38.248,129.240
spot5,414,1,2007-07-15,17:31:28,-42.398,149.424,58,-42.398,149.424,-49.195,-174.141
spot5,414,1,2007-07-15,17:31:28,-42.398,149.424,58,-42.398,149.424,-49.195,-174.141
spot5,414,A,2007-07-16,22:27:56,-42.581,149.177,00,-42.581,149.177,-48.996,-177.006
spot5,414,A,2007-07-16,22:27:56,-42.581,149.177,00,-42.581,149.177,-48.996,-177.006
spot5,414,A,2007-07-31,17:51:27,-42.689,148.660,00,-42.689,148.660,-48.235,177.114
spot5,414,A,2007-07-31,17:51:27,-42.689,148.660,00,-42.689,148.660,-48.235,177.114
spot5,414,A,2007-07-31,17:51:27,-42.689,148.660,00,0.000,0.000,-48.235,177.114
spot5,414,A,2007-07-31,17:51:27,-42.689,148.660,00,0.000,0.000,-48.235,177.114
spot5,414,A,2007-07-31,17:51:27,-42.689,148.660,00,0.000,0.000,-48.235,177.114
spot5,414,A,2007-07-31,17:51:27,-42.689,148.660,00,0.000,0.000,-48.235,177.114
spot5,414,A,2007-08-01,17:07:53,-43.108,148.252,00,-43.108,148.252,-46.258,163.584
spot5,414,A,2007-08-01,17:07:53,-43.108,148.252,00,-43.108,148.252,-46.258,163.584
spot5,414,A,2007-08-01,17:25:15,-43.156,148.332,00,-43.156,148.332,-50.446,-171.323
spot5,414,A,2007-08-01,17:25:15,-43.156,148.332,00,-43.156,148.332,-50.446,-171.323
spot5,414,1,2007-08-01,18:47:25,-43.160,148.316,58,-43.160,148.316,-36.336,115.983
spot5,414,1,2007-08-01,18:47:25,-43.160,148.316,58,-43.160,148.316,-36.336,115.983
spot5,414,A,2007-08-01,19:50:34,-43.180,148.310,08,-43.180,148.310,-38.099,122.030
spot5,414,A,2007-08-01,19:50:34,-43.180,148.310,08,-43.180,148.310,-38.099,122.030
spot5,414,B,2007-08-02,14:21:17,-43.343,148.298,00,-43.343,148.298,-47.318,169.428
spot5,414,B,2007-08-02,14:21:17,-43.343,148.298,00,-43.343,148.298,-47.318,169.428
spot5,414,A,2007-08-02,13:44:36,-43.329,148.226,00,-43.329,148.226,-52.180,102.560
spot5,414,A,2007-08-02,13:44:36,-43.329,148.226,00,-43.329,148.226,-52.180,102.560
spot5,414,3,2007-08-02,16:53:58,-43.311,148.354,60,-43.311,148.354,-47.374,168.673
spot5,414,3,2007-08-02,16:53:58,-43.311,148.354,60,-43.311,148.354,-47.374,168.673
spot5,414,A,2007-08-02,18:34:58,-43.329,148.365,08,-43.329,148.365,-37.651,121.335
spot5,414,A,2007-08-02,18:34:58,-43.329,148.365,08,-43.329,148.365,-37.651,121.335
spot5,414,0,2007-08-02,18:41:04,-43.302,148.261,68,-43.302,148.261,0.119,-1.246
spot5,414,0,2007-08-02,18:41:04,-43.302,148.261,68,-43.302,148.261,0.119,-1.246
spot5,414,B,2007-08-02,19:28:48,-43.341,148.372,00,-43.341,148.372,-40.434,133.292
spot5,414,B,2007-08-02,19:28:48,-43.341,148.372,00,-43.341,148.372,-40.434,133.292
spot5,414,0,2007-08-03,04:26:24,-43.332,148.387,58,-43.332,148.387,-44.044,144.865
spot5,414,0,2007-08-03,04:26:24,-43.332,148.387,58,-43.332,148.387,-44.044,144.865
spot5,414,A,2007-08-03,07:42:40,-43.388,148.546,08,-43.388,148.546,-41.398,158.714
spot5,414,A,2007-08-03,07:42:40,-43.388,148.546,08,-43.388,148.546,-41.398,158.714
spot5,414,1,2007-08-03,09:21:27,-43.432,148.543,56,-43.432,148.543,-50.541,111.646
spot5,414,1,2007-08-03,09:21:27,-43.432,148.543,56,-43.432,148.543,-50.541,111.646
spot5,414,1,2007-08-03,11:43:28,-43.481,148.620,68,-43.481,148.620,-41.195,159.887
spot5,414,1,2007-08-03,11:43:28,-43.481,148.620,68,-43.481,148.620,-41.195,159.887
spot5,414,2,2007-08-03,12:30:23,-43.503,148.639,58,-43.503,148.639,-0.571,0.729
spot5,414,2,2007-08-03,12:30:23,-43.503,148.639,58,-43.503,148.639,-0.571,0.729
spot5,414,B,2007-08-03,14:06:33,-43.556,148.679,00,-43.556,148.679,-51.153,109.834
spot5,414,B,2007-08-03,14:06:33,-43.556,148.679,00,-43.556,148.679,-51.153,109.834
spot5,414,A,2007-08-03,13:27:17,-43.517,148.651,08,-43.517,148.651,-50.232,112.701
spot5,414,A,2007-08-03,13:27:17,-43.517,148.651,08,-43.517,148.651,-50.232,112.701
spot5,414,A,2007-08-08,11:42:45,-44.627,147.468,00,-44.627,147.468,-41.311,163.731
spot5,414,A,2007-08-08,11:42:45,-44.627,147.468,00,-44.627,147.468,-41.311,163.731
spot5,414,A,2007-08-08,15:46:58,-44.718,147.325,08,-44.718,147.325,-55.747,-157.269
spot5,414,A,2007-08-08,15:46:58,-44.718,147.325,08,-44.718,147.325,-55.747,-157.269
spot5,414,0,2007-08-08,17:25:34,-44.765,147.302,56,-44.765,147.302,-46.278,153.819
spot5,414,0,2007-08-08,17:25:34,-44.765,147.302,56,-44.765,147.302,-46.278,153.819
spot5,414,B,2007-08-08,18:01:56,-44.770,147.304,00,-44.770,147.304,-49.284,171.674
spot5,414,B,2007-08-08,18:01:56,-44.770,147.304,00,-44.770,147.304,-49.284,171.674
spot5,414,B,2007-08-08,19:08:03,-44.796,147.291,00,-44.796,147.291,-36.644,106.660
spot5,414,B,2007-08-08,19:08:03,-44.796,147.291,00,-44.796,147.291,-36.644,106.660
spot5,414,B,2007-08-08,20:18:05,-44.808,147.241,00,-44.808,147.241,-37.408,109.343
spot5,414,B,2007-08-08,20:18:05,-44.808,147.241,00,-44.808,147.241,-37.408,109.343
spot5,414,B,2007-08-09,11:49:33,-45.073,146.872,00,-45.073,146.872,-39.200,177.417
spot5,414,B,2007-08-09,11:49:33,-45.073,146.872,00,-45.073,146.872,-39.200,177.417
spot5,414,B,2007-08-09,14:51:40,-45.118,146.829,00,-45.118,146.829,-46.978,156.421
spot5,414,B,2007-08-09,14:51:40,-45.118,146.829,00,-45.118,146.829,-46.978,156.421
spot5,414,B,2007-08-09,15:36:16,-45.126,146.840,00,-45.126,146.840,-56.927,-152.077
spot5,414,B,2007-08-09,15:36:16,-45.126,146.840,00,-45.126,146.840,-56.927,-152.077
spot5,414,B,2007-08-09,16:32:04,-45.164,146.838,00,-45.164,146.838,-37.703,109.004
spot5,414,B,2007-08-09,16:32:04,-45.164,146.838,00,-45.164,146.838,-37.703,109.004
spot5,414,B,2007-08-09,17:35:46,-45.180,146.819,00,-45.180,146.819,-51.975,-176.235
spot5,414,B,2007-08-09,17:35:46,-45.180,146.819,00,-45.180,146.819,-51.975,-176.235
spot5,414,A,2007-08-09,18:16:14,-45.196,146.824,00,-45.196,146.824,-49.436,168.049
spot5,414,A,2007-08-09,18:16:14,-45.196,146.824,00,-45.196,146.824,-49.436,168.049
spot5,414,B,2007-08-09,19:57:20,-45.247,146.801,00,-45.247,146.801,-40.126,120.826
spot5,414,B,2007-08-09,19:57:20,-45.247,146.801,00,-45.247,146.801,-40.126,120.826
spot5,414,B,2007-08-09,21:07:25,-45.285,146.857,00,-45.285,146.857,-55.881,-154.975
spot5,414,B,2007-08-09,21:07:25,-45.285,146.857,00,-45.285,146.857,-55.881,-154.975
spot5,414,A,2007-08-10,11:27:16,-45.428,146.424,00,-45.428,146.424,-37.202,-171.455
spot5,414,A,2007-08-10,11:27:16,-45.428,146.424,00,-45.428,146.424,-37.202,-171.455
spot5,414,0,2007-08-10,18:52:33,-45.524,146.230,58,-45.524,146.230,-45.792,147.628
spot5,414,0,2007-08-10,18:52:33,-45.524,146.230,58,-45.524,146.230,-45.792,147.628
spot5,414,A,2007-08-30,19:48:55,-42.267,141.458,00,-42.267,141.458,-32.580,94.934
spot5,414,A,2007-08-30,19:48:55,-42.267,141.458,00,-42.267,141.458,-32.580,94.934
spot5,414,A,2007-08-30,20:55:16,-42.238,141.413,08,-42.238,141.413,-33.084,95.636
spot5,414,A,2007-08-30,20:55:16,-42.238,141.413,08,-42.238,141.413,-33.084,95.636
spot5,414,B,2007-08-31,02:58:35,-42.239,141.255,00,-42.239,141.255,-32.185,-168.342
spot5,414,B,2007-08-31,02:58:35,-42.239,141.255,00,-42.239,141.255,-32.185,-168.342
